LI=4
LE=20
NSPH=75
SPH_TYPES=2
RND_SEED=13
R_SPH=2.51786e-7m,1.588656e-7m
R_EQV=8.43214e-7m
R_CIR=2.02352e-6m
R_FRACT=[1.000],[1.000]
MATCLASS="oxides"
MATERIAL="[spinel],[spinel]"
SPEC_WEIGHT="[3.60g/cm3],[3.60g/cm3]"
WAVE_START=1.000e-6m
WAVE_END=2.500e-5m
WAVE_STEP=-1.0
WAVE_POINTS=48
DYN_FF=0.33019
M_TOT=9.04072e-15kg
