LI=6
LE=28
NSPH=75
SPH_TYPES=2
RND_SEED=15
R_SPH=3.776790e-7m,2.382984e-07
R_EQV=1.26482e-6m
R_CIR=3.03528e-6m
R_FRACT=[1.000],[1.000]
MATCLASS="oxides"
MATERIAL="[spinel],[spinel]"
SPEC_WEIGHT="[3.60g/cm3],[3.60g/cm3]"
WAVE_START=1.000e-6m
WAVE_END=2.500e-5m
WAVE_STEP=-1.0
WAVE_POINTS=48
DYN_FF=0.30696
M_TOT=3.05124e-14kg
