LI=4
LE=20
NSPH=75
SPH_TYPES=2
RND_SEED=15
R_SPH=2.51786e-7m,1.588656e-7m
R_EQV=8.43214e-7m
R_CIR=1.87684e-6m
R_FRACT=[1.000],[1.000]
MATCLASS="silicates"
MATERIAL="[forsterite],[forsterite]"
SPEC_WEIGHT="[3.27g/cm3],[3.27g/cm3]"
WAVE_START=1.000e-6m
WAVE_END=2.500e-5m
WAVE_STEP=-1.0
WAVE_POINTS=37
DYN_FF=0.30696
M_TOT=8.21199e-15kg
