LI=4
LE=20
NSPH=100
SPH_TYPES=4
RND_SEED=35
R_SPH=2.51786e-7m,1.588656e-7m,1.26191e-7m,1.00237e-7m
R_EQV=7.25776e-7m
R_CIR=1.86428e-6m
R_FRACT=[1.000],[1.000],[1.000],[1.000]
MATCLASS="silicates"
MATERIAL="[forsterite],[forsterite],[forsterite],[forsterite]"
SPEC_WEIGHT="[3.27g/cm3],[3.27g/cm3],[3.27g/cm3],[3.27g/cm3]"
WAVE_START=1.000e-6m
WAVE_END=2.500e-5m
WAVE_STEP=-1.0
WAVE_POINTS=37
DYN_FF=0.34404
M_TOT=5.23653e-15kg
