LI=4
LE=12
NSPH=75
SPH_TYPES=2
RND_SEED=15
R_SPH=1.25893e-7m,7.94328e-8m
R_EQV=4.21607e-7m
R_CIR=0.93842e-6m
R_FRACT=[1.000],[1.000]
MATCLASS="oxides"
MATERIAL="[spinel],[spinel]"
SPEC_WEIGHT="[3.60g/cm3],[3.60g/cm3]"
WAVE_START=1.000e-6m
WAVE_END=2.500e-5m
WAVE_STEP=-1.0
WAVE_POINTS=48
DYN_FF=0.30696
M_TOT=1.13009e-15kg
