LI=4
LE=12
NSPH=100
SPH_TYPES=4
RND_SEED=35
R_SPH=1.25893e-7m,7.94328e-8m,6.30957e-8m,5.01187e-8m
R_EQV=3.62888e-7m
R_CIR=0.93214e-6m
R_FRACT=[1.000],[1.000],[1.000],[1.000]
MATCLASS="oxides"
MATERIAL="[spinel],[spinel],[spinel],[spinel]"
SPEC_WEIGHT="[3.60g/cm3],[3.60g/cm3],[3.60g/cm3],[3.60g/cm3]"
WAVE_START=1.000e-6m
WAVE_END=2.500e-5m
WAVE_STEP=-1.0
WAVE_POINTS=48
DYN_FF=0.34404
M_TOT=7.20624e-16kg
