LI=6
LE=28
NSPH=100
SPH_TYPES=4
RND_SEED=35
R_SPH=3.776790e-7m,2.382984e-7m,1.892871e-7m,1.503561e-7m
R_EQV=1.08866e-6m
R_CIR=2.79642e-6m
R_FRACT=[1.000],[1.000],[1.000],[1.000]
MATCLASS="silicates"
MATERIAL="[forsterite],[forsterite],[forsterite],[forsterite]"
SPEC_WEIGHT="[3.27g/cm3],[3.27g/cm3],[3.27g/cm3],[3.27g/cm3]"
WAVE_START=1.000e-6m
WAVE_END=2.500e-5m
WAVE_STEP=-1.0
WAVE_POINTS=37
DYN_FF=0.34404
M_TOT=1.76733e-14kg
